53,110,170,224,279,332,447,505,616,668,1496,1497,1498,1499,1500,1501,1502,1503,1505,1509,1514,1519,1525,1532,1536,1552,1575,1607,1648,1687,1718,1724,
51,139,223,241,307,356,408,476,515,600,617,689,762,797,854,927,990,1023,1059,1077,1138,1200,1292,1442,1488,1522,1535,1550,1585,1681,1994,1996,
50,92,138,222,240,306,355,407,475,599,688,761,853,989,1003,1022,1076,1137,1199,1291,1441,1521,1534,1549,1584,1707,1808,1837,1904,1948,2003,2007,
91,137,221,239,305,474,514,598,687,760,796,852,926,988,1021,1075,1136,1290,1440,1520,1533,1548,1647,1680,1801,1824,1833,1845,1850,1919,1940,1942,
49,90,220,238,304,354,406,473,513,597,667,686,759,795,851,887,925,987,1074,1135,1198,1289,1583,1646,1679,1747,1892,1901,1907,1944,1977,1978,
48,89,136,219,237,303,353,405,472,512,596,666,685,758,794,830,850,924,986,1020,1073,1134,1197,1275,1288,1383,1439,1547,1582,1645,1678,1725,
47,88,135,218,236,302,352,404,471,511,595,665,684,757,777,793,849,923,985,1019,1072,1133,1196,1274,1287,1382,1438,1546,1581,1644,1706,1726,
46,87,134,217,235,301,351,403,470,510,594,664,683,722,756,792,848,922,984,1018,1071,1132,1195,1273,1286,1381,1437,1545,1580,1677,1705,1727,
45,133,216,402,469,593,682,755,847,983,1017,1070,1131,1194,1272,1380,1436,1544,1643,1676,1788,1792,1859,1886,1891,1902,1924,1965,1997,2019,2037,2038,
44,86,132,215,234,300,350,391,401,468,509,592,663,681,754,791,846,921,982,1016,1069,1130,1193,1271,1285,1379,1435,1543,1579,1642,1675,1728,
43,85,131,233,349,467,508,662,753,790,845,920,981,1015,1270,1378,1455,1542,1578,1641,1674,1704,1830,1895,1918,1971,1981,1982,1993,2009,2013,2014,
42,84,130,214,232,348,400,591,661,680,752,789,844,919,1014,1068,1129,1269,1434,1454,1541,1577,1640,1673,1764,1829,1843,1860,1867,1914,1946,1951,
41,83,129,213,231,299,347,399,466,507,590,660,679,751,788,843,918,980,1067,1128,1192,1268,1284,1377,1433,1453,1487,1540,1639,1672,1703,1729,
82,128,212,230,298,346,398,465,506,589,659,678,750,787,842,917,979,1013,1066,1127,1191,1267,1283,1376,1432,1452,1576,1638,1671,1702,1750,1810,
40,81,127,211,229,297,345,397,464,560,588,658,677,749,786,841,916,978,1012,1065,1126,1190,1266,1375,1431,1451,1486,1531,1539,1637,1778,1811,
39,80,126,210,228,296,344,396,559,657,785,840,915,977,1011,1064,1125,1189,1265,1374,1450,1483,1530,1701,1753,1809,1842,1910,1925,1937,1953,1961,
38,125,209,227,295,343,395,463,587,656,676,748,839,976,1010,1063,1124,1188,1264,1373,1430,1482,1529,1538,1636,1670,1700,1900,2006,2023,2034,2036,
37,79,124,208,226,294,342,394,462,558,586,655,675,747,784,838,914,975,1009,1062,1123,1187,1263,1372,1429,1449,1481,1528,1699,1786,1807,1812,
36,78,123,207,225,293,341,393,461,557,585,654,674,746,783,837,913,974,1008,1061,1122,1186,1262,1371,1428,1448,1480,1527,1537,1635,1698,1730,
35,77,122,278,340,460,556,584,745,782,836,912,973,1261,1370,1447,1479,1526,1634,1669,1697,1772,1849,1884,1885,1957,1964,1986,1989,2028,2041,2042,
34,76,277,292,339,459,555,583,673,781,911,972,1007,1121,1185,1260,1328,1427,1446,1478,1508,1633,1696,1770,1773,1787,1844,1852,1854,1857,1858,1876,
33,75,121,206,276,291,338,392,458,554,653,672,744,780,835,910,971,1006,1111,1120,1184,1259,1327,1369,1425,1426,1445,1477,1632,1668,1932,1934,
32,74,120,205,275,290,337,446,457,582,671,743,834,970,1119,1183,1258,1326,1368,1390,1424,1507,1631,1765,1793,1795,1882,1903,1941,1987,2032,2035,
31,73,119,204,274,289,336,445,456,553,581,652,742,779,833,909,969,1005,1109,1118,1182,1257,1325,1367,1389,1423,1444,1476,1630,1754,1802,1813,
30,72,118,203,273,288,335,444,455,552,580,651,670,741,778,832,908,968,1004,1117,1181,1324,1366,1388,1422,1443,1506,1667,1695,1760,1784,1814,
29,71,117,202,287,443,454,551,579,650,669,740,831,907,967,1107,1116,1180,1256,1323,1365,1387,1466,1504,1629,1759,1766,1800,1841,1862,1875,1877,
28,70,116,201,272,286,334,442,453,550,578,649,721,739,829,886,906,966,1058,1106,1115,1179,1255,1322,1364,1386,1421,1465,1558,1666,1694,1731,
27,69,115,200,285,441,452,549,648,720,738,828,885,905,965,1057,1105,1178,1321,1385,1420,1464,1557,1665,1769,1780,1828,1839,1848,1869,1933,1935,
26,68,114,199,271,333,440,451,548,577,647,719,737,827,884,904,964,1056,1104,1114,1177,1254,1320,1363,1384,1419,1463,1556,1628,1664,1693,1732,
25,67,113,270,450,547,576,646,883,903,1055,1103,1253,1319,1362,1418,1462,1555,1627,1758,1781,1803,1894,1898,1913,1922,1955,1960,1980,1985,1988,1990,
24,66,112,198,269,284,390,439,449,546,575,645,718,736,882,902,963,1054,1102,1176,1252,1318,1334,1361,1417,1461,1513,1663,1692,1771,1806,1815,
23,65,197,283,389,438,448,545,574,644,717,735,826,881,901,962,1053,1101,1175,1251,1317,1333,1360,1416,1460,1554,1626,1782,1790,1921,1952,1962,
22,64,111,268,388,504,544,573,643,734,825,880,900,961,1052,1250,1316,1359,1459,1662,1691,1742,1826,1831,1943,1958,1959,1973,1999,2008,2027,2029,
21,63,169,196,267,282,387,437,503,543,572,642,716,733,824,879,899,960,1051,1100,1174,1249,1315,1332,1358,1415,1458,1512,1574,1625,1690,1733,
20,62,168,195,266,281,386,436,502,542,571,641,715,732,823,878,898,959,1050,1099,1173,1248,1314,1331,1414,1511,1573,1606,1624,1661,1822,1878,
19,61,167,194,265,280,385,435,501,541,570,640,714,731,822,877,897,958,1049,1098,1172,1247,1313,1330,1357,1413,1510,1605,1623,1660,1689,1734,
18,60,166,264,384,434,500,540,639,821,896,957,1048,1171,1246,1329,1356,1412,1604,1622,1659,1743,1873,1888,1947,1950,1969,1976,1995,2002,2022,2030,
17,59,165,193,263,331,383,433,499,539,569,638,713,730,820,876,895,956,1047,1097,1163,1170,1245,1282,1312,1355,1572,1603,1621,1658,1688,1735,
16,58,164,192,262,330,382,432,498,538,568,637,712,729,875,894,955,1046,1096,1162,1244,1281,1311,1411,1518,1571,1620,1767,1881,1897,1909,1915,
15,57,163,191,261,329,381,431,497,537,567,636,711,728,819,874,893,954,1045,1095,1161,1243,1280,1310,1354,1410,1517,1570,1602,1619,1657,1736,
14,56,162,260,380,430,496,536,566,635,727,818,873,892,953,1044,1160,1242,1279,1353,1409,1569,1601,1618,1656,1717,1856,1912,1974,1984,1991,1992,
13,55,161,190,259,328,379,429,495,535,565,634,710,726,817,872,891,952,1043,1094,1159,1278,1309,1352,1408,1568,1600,1617,1716,1748,1755,1816,
12,54,160,189,258,327,378,428,494,534,564,633,709,725,816,871,890,951,1042,1093,1158,1241,1308,1351,1407,1516,1553,1567,1616,1655,1715,1737,
109,159,188,257,326,377,427,493,533,563,632,708,815,870,889,950,1041,1092,1157,1277,1307,1350,1406,1515,1566,1599,1615,1654,1749,1762,1889,1906,
11,108,158,187,256,325,376,426,492,532,562,631,707,724,814,869,888,949,1040,1091,1156,1217,1240,1276,1306,1349,1405,1565,1598,1614,1714,1738,
10,107,157,186,255,324,375,425,491,531,561,630,706,723,813,868,943,948,1039,1090,1155,1216,1224,1305,1348,1404,1564,1597,1653,1713,1756,1817,
9,106,156,185,254,323,374,424,490,530,615,705,776,812,867,947,1038,1154,1215,1223,1239,1304,1347,1403,1563,1596,1613,1791,1825,1832,1861,1879,
8,155,253,373,489,529,614,629,811,942,946,1037,1222,1238,1346,1402,1612,1652,1741,1746,1893,1896,1899,1923,1956,1968,2001,2020,2021,2033,2044,2045,
7,154,322,372,423,488,528,613,704,775,810,941,945,1036,1089,1153,1221,1237,1345,1401,1562,1595,1763,1796,1823,1887,1911,1938,1954,1979,2004,2005,
6,105,153,184,252,321,371,422,487,527,612,628,703,774,809,866,940,944,1035,1088,1152,1214,1220,1236,1303,1344,1400,1561,1594,1611,1651,1739,
5,104,152,183,251,320,370,421,486,526,611,627,702,773,808,865,939,1002,1034,1151,1213,1219,1235,1302,1343,1399,1560,1593,1610,1712,1777,1818,
4,103,182,250,319,369,420,485,525,610,626,701,807,938,1001,1087,1150,1218,1342,1398,1457,1592,1609,1834,1835,1864,1866,1868,1926,1939,1998,2000,
102,151,181,318,368,419,524,609,625,700,772,806,864,937,1000,1033,1086,1149,1169,1212,1234,1301,1341,1397,1559,1711,1872,1908,1916,1945,2024,2026,
3,150,180,249,317,367,418,484,608,699,771,863,936,1032,1085,1148,1168,1211,1233,1340,1396,1456,1650,1776,1836,1905,1917,1930,2025,2031,2046,2047,
2,101,149,179,316,366,417,523,698,770,805,862,935,999,1031,1084,1147,1210,1232,1300,1339,1475,1608,1649,1752,1785,1797,1840,1847,1890,1931,1936,
1,100,148,178,248,315,365,416,483,522,607,624,697,769,804,861,934,998,1030,1083,1146,1167,1209,1231,1299,1338,1395,1474,1494,1591,1710,1740,
0,99,147,177,247,314,364,415,482,521,606,623,696,803,860,933,997,1029,1082,1145,1166,1208,1230,1298,1394,1473,1493,1495,1709,1745,1789,1819,
98,146,176,246,313,363,414,481,520,605,622,695,768,802,859,932,996,1081,1144,1165,1207,1229,1297,1337,1472,1485,1590,1686,1723,1798,1804,1820,
97,145,175,312,362,413,480,519,604,621,694,767,801,858,931,995,1028,1080,1143,1164,1206,1228,1336,1393,1471,1589,1685,1838,1851,1870,1928,1929,
144,174,245,311,361,412,479,603,693,766,857,994,1027,1113,1142,1205,1227,1296,1470,1484,1722,1751,1757,1774,1794,1874,1920,1927,1983,2012,2015,2017,
96,143,173,244,310,360,411,478,518,692,765,800,993,1026,1112,1141,1204,1226,1295,1469,1492,1588,1684,1721,1744,1768,1846,1853,1871,1883,1966,1972,
95,142,172,243,309,359,410,477,517,602,620,691,764,856,930,992,1025,1079,1110,1140,1203,1225,1294,1335,1392,1468,1491,1683,1719,1799,1805,1821,
94,141,171,242,308,358,409,619,690,799,855,929,1078,1108,1139,1202,1293,1391,1467,1490,1524,1587,1682,1720,1775,1779,1827,1863,1880,2010,2016,2018,
52,93,140,357,516,601,618,763,798,928,991,1024,1060,1201,1489,1523,1551,1586,1708,1761,1783,1855,1865,1949,1963,1967,1970,1975,2011,2039,2040,2043,
53,109,130,245,299,342,442,458,535,580,641,763,796,859,894,944,1038,1074,1158,1171,1245,1287,1346,1416,1574,1582,1664,1740,1902,1960,1992,1994,
51,74,141,189,286,386,399,478,521,587,655,707,757,787,943,982,1015,1100,1190,1231,1360,1402,1466,1557,1621,1669,1718,1787,1851,1855,1978,1980,
50,66,155,244,404,480,531,609,666,701,751,871,933,973,1045,1065,1144,1174,1265,1322,1391,1606,1675,1705,1854,1860,1875,1930,1940,1995,2011,2019,
97,275,322,365,393,449,524,561,638,734,874,960,1003,1042,1069,1154,1248,1313,1353,1405,1483,1500,1561,1702,1811,1812,1833,1849,1900,1926,2014,2020,
49,112,210,256,318,381,417,485,528,601,627,694,741,791,861,897,979,1148,1195,1260,1350,1424,1442,1485,1504,1509,1529,1556,1578,1676,1690,1741,
48,101,135,215,259,283,351,498,602,674,785,836,910,951,1051,1152,1272,1282,1364,1517,1540,1563,1607,1759,1773,1779,1839,1948,1951,1982,2015,2021,
47,104,136,206,246,301,389,407,450,556,572,629,713,762,822,857,921,948,1025,1063,1141,1212,1242,1388,1448,1495,1532,1577,1614,1708,1786,1822,
46,95,176,276,302,353,479,538,650,739,828,883,891,964,1034,1121,1198,1233,1284,1431,1452,1481,1541,1651,1707,1813,1847,1937,1952,2018,2030,2039,
45,75,162,183,243,367,435,493,552,565,657,680,775,867,935,957,1104,1161,1214,1275,1342,1423,1527,1603,1629,1679,1724,1820,1848,1986,2003,2008,
44,56,121,219,328,363,415,507,573,708,723,795,838,923,990,1032,1075,1116,1178,1235,1311,1336,1432,1451,1462,1619,1739,1837,1857,1914,1920,1921,
43,70,125,221,290,384,427,501,532,658,696,764,885,938,1023,1073,1127,1187,1254,1318,1339,1387,1397,1446,1583,1634,1658,1758,1791,1796,1836,1880,
42,81,170,192,278,294,347,436,468,520,615,649,682,740,807,872,903,993,1004,1102,1155,1183,1262,1279,1288,1468,1534,1545,1581,1685,1775,1823,
41,106,124,174,270,332,348,408,481,509,588,619,699,761,810,835,912,997,1041,1086,1143,1188,1257,1286,1365,1460,1475,1547,1609,1653,1694,1742,
119,185,257,293,383,423,477,523,568,624,717,722,731,797,865,908,987,1055,1088,1177,1263,1316,1349,1409,1435,1624,1659,1810,1845,2013,2017,2031,
40,84,159,193,274,288,374,391,395,496,544,590,662,672,772,827,863,913,965,1009,1076,1146,1200,1253,1300,1361,1392,1437,1593,1616,1680,1743,
39,99,167,220,325,430,463,721,742,794,902,947,1035,1103,1207,1331,1371,1401,1512,1521,1567,1727,1769,1776,1777,1801,1866,1883,1891,1950,2026,2032,
38,62,131,182,248,337,397,549,600,632,673,733,869,926,961,1072,1118,1166,1192,1228,1289,1343,1410,1461,1484,1695,1730,1915,1961,1967,2010,2022,
37,72,129,262,409,495,554,563,617,804,846,972,1012,1095,1114,1168,1267,1317,1496,1546,1560,1580,1647,1655,1867,1874,1878,1949,1956,1957,1971,1973,
36,67,165,188,254,298,336,486,543,584,626,685,738,777,829,856,916,1000,1027,1082,1119,1216,1269,1374,1396,1490,1568,1601,1670,1763,1788,1824,
35,73,144,208,232,330,425,448,511,585,633,691,821,850,918,989,1047,1105,1239,1309,1332,1425,1436,1511,1590,1641,1681,1693,1819,1871,1919,1922,
34,61,147,222,310,371,392,453,562,663,676,766,808,854,942,975,1057,1097,1132,1211,1404,1455,1463,1474,1625,1678,1761,1804,1863,1870,1897,1907,
33,132,218,235,313,379,505,558,608,623,677,725,843,924,1052,1087,1217,1232,1277,1319,1363,1389,1652,1768,1770,1772,1815,1872,1909,2016,2038,2043,
32,166,239,343,424,452,559,571,651,703,773,877,934,953,1058,1101,1112,1122,1310,1358,1620,1756,1762,1802,1916,1944,1946,1954,1983,1993,1996,2001,
31,77,128,203,229,331,341,416,503,526,576,683,799,862,963,1046,1124,1206,1268,1426,1459,1544,1554,1731,1765,1832,1842,1853,1869,1917,2000,2005,
30,79,156,204,263,297,377,434,484,616,695,759,813,873,917,958,1014,1150,1179,1227,1278,1315,1354,1399,1438,1700,1799,1903,1911,1929,2037,2040,
29,102,140,184,247,355,438,491,519,575,664,704,752,884,1130,1167,1213,1293,1377,1421,1585,1643,1686,1725,1861,1892,1894,1918,1935,1972,2025,2033,
28,85,168,175,258,307,358,447,459,527,661,756,783,904,952,1084,1142,1181,1291,1330,1383,1559,1630,1703,1834,1841,1846,1881,1882,1888,1923,1925,
27,96,158,191,269,280,344,457,606,690,746,792,845,937,978,1007,1059,1151,1193,1256,1367,1384,1398,1591,1645,1733,1792,1905,1979,1999,2028,2034,
26,103,145,195,242,324,378,432,489,516,613,646,718,726,786,831,887,906,984,1030,1070,1123,1191,1270,1298,1369,1385,1478,1613,1687,1697,1744,
25,78,164,224,231,311,340,413,471,545,581,647,698,765,790,848,919,967,1013,1064,1138,1209,1219,1266,1327,1408,1456,1579,1622,1661,1715,1745,
24,92,194,329,368,421,474,522,579,719,776,780,915,969,1024,1068,1164,1175,1230,1375,1412,1467,1482,1617,1656,1805,1887,1895,1901,1933,1936,1943,
23,63,134,190,234,303,352,443,460,547,611,618,678,732,814,875,932,995,1031,1145,1176,1250,1444,1487,1507,1528,1535,1552,1566,1623,1684,1746,
22,98,150,172,251,380,441,490,560,592,631,675,760,798,870,899,976,1006,1090,1208,1251,1283,1338,1453,1476,1513,1571,1612,1689,1735,1886,1908,
21,65,142,180,260,316,370,419,456,557,595,636,693,748,809,876,900,988,1020,1077,1125,1199,1229,1324,1368,1406,1447,1575,1596,1633,1665,1747,
20,116,199,255,308,356,400,482,518,582,668,714,735,820,866,931,996,1048,1215,1382,1450,1520,1551,1570,1584,1638,1699,1781,1818,1968,2036,2041,
19,76,126,198,261,285,376,402,467,540,612,635,715,750,793,834,925,968,1026,1096,1140,1238,1290,1355,1395,1558,1564,1592,1626,1649,1691,1748,
18,94,120,178,250,295,349,444,492,541,578,692,770,782,840,941,983,1050,1071,1163,1220,1241,1301,1335,1417,1441,1519,1602,1627,1671,1778,1825,
17,58,123,211,273,289,346,420,517,603,684,724,823,830,879,889,954,1357,1472,1488,1508,1516,1525,1674,1710,1831,1840,1850,1884,1912,1997,2002,
16,59,113,214,226,361,440,472,510,589,621,702,774,881,991,1005,1098,1139,1285,1477,1502,1631,1666,1713,1798,1844,1890,1906,1989,2004,2023,2027,
15,93,151,200,265,284,354,410,488,525,614,642,706,802,852,888,956,1022,1062,1131,1197,1236,1326,1366,1538,1553,1573,1604,1642,1650,1712,1749,
14,86,133,179,267,317,388,396,464,530,605,640,769,811,832,939,970,1043,1080,1149,1204,1274,1312,1454,1470,1480,1489,1498,1533,1663,1714,1750,
13,146,197,237,300,338,422,462,593,705,737,806,844,922,966,1044,1089,1172,1225,1351,1418,1428,1443,1497,1526,1709,1783,1806,1966,2012,2044,2046,
12,157,223,272,312,333,412,529,610,700,744,812,853,929,986,1021,1085,1170,1246,1280,1295,1352,1394,1514,1594,1637,1803,1807,1885,1938,1953,1963,
110,127,207,230,323,335,469,586,656,681,728,801,880,895,949,1153,1202,1244,1302,1333,1415,1445,1729,1793,1797,1817,1835,1889,1977,1981,2045,2047,
11,105,115,181,238,296,385,418,500,508,583,643,689,730,826,839,893,950,1029,1108,1147,1184,1299,1376,1471,1523,1548,1595,1644,1683,1717,1751,
10,100,160,171,266,362,454,598,711,754,778,927,985,1129,1169,1186,1258,1303,1337,1588,1615,1672,1732,1734,1767,1858,1893,1927,1939,2007,2029,2042,
9,83,118,212,225,326,345,446,504,536,591,639,710,736,816,847,909,977,1107,1136,1165,1173,1261,1294,1341,1439,1458,1494,1505,1628,1704,1752,
8,90,138,177,252,287,357,405,451,534,567,665,687,747,818,868,911,994,1033,1092,1159,1203,1218,1247,1314,1390,1465,1536,1550,1668,1782,1826,
7,54,148,205,233,305,369,398,497,513,577,652,669,755,788,882,896,999,1028,1060,1094,1157,1321,1340,1473,1518,1524,1598,1640,1667,1698,1753,
6,108,143,202,253,314,339,429,550,570,622,671,729,824,878,928,1011,1066,1134,1194,1243,1305,1329,1393,1440,1503,1610,1677,1728,1737,1794,1827,
5,88,149,216,268,309,387,439,461,553,574,667,712,743,781,842,892,998,1018,1099,1180,1271,1307,1373,1422,1429,1486,1555,1611,1736,1809,1828,
4,68,137,209,264,315,372,433,473,537,564,654,688,771,789,864,920,992,1039,1111,1117,1205,1222,1255,1380,1420,1469,1530,1605,1639,1654,1754,
71,163,187,228,304,390,437,483,514,599,620,709,749,817,905,974,1037,1067,1160,1196,1224,1226,1347,1386,1542,1632,1662,1785,1947,1998,2024,2035,
3,55,111,196,426,455,533,648,679,841,930,981,1016,1093,1135,1185,1273,1325,1345,1449,1537,1576,1657,1701,1808,1864,1877,1913,1931,1934,1965,1974,
2,89,152,249,282,359,406,499,506,594,645,803,833,945,1053,1106,1156,1201,1259,1281,1378,1403,1433,1492,1531,1599,1660,1711,1873,1924,1984,1985,
1,107,154,227,319,445,546,604,659,727,784,851,1002,1056,1081,1126,1306,1359,1413,1427,1464,1522,1648,1688,1800,1879,1941,1942,1945,1955,1969,1975,
0,80,321,360,401,502,515,653,745,805,855,980,1040,1061,1252,1320,1362,1407,1491,1562,1589,1716,1726,1780,1790,1852,1862,1899,1904,1958,2006,2009,
64,161,217,236,291,350,411,466,566,628,670,767,819,901,959,1017,1083,1137,1189,1223,1249,1296,1348,1411,1479,1501,1572,1646,1696,1723,1766,1829,
91,114,201,241,327,375,475,551,607,637,686,768,815,898,962,1036,1128,1182,1264,1328,1379,1400,1565,1673,1760,1771,1774,1789,1865,1928,1990,1991,
82,122,213,279,382,428,470,512,569,630,716,849,914,946,1008,1091,1110,1115,1297,1344,1543,1569,1600,1636,1682,1722,1814,1838,1868,1876,1987,1988,
69,153,240,292,364,414,476,542,634,886,907,1049,1109,1133,1234,1308,1370,1419,1457,1597,1608,1721,1795,1821,1843,1856,1898,1910,1932,1962,1970,1976,
87,169,320,366,431,465,539,596,625,753,800,837,936,1001,1019,1078,1113,1304,1356,1434,1493,1510,1539,1692,1719,1738,1784,1816,1859,1896,1959,1964,
60,139,186,271,281,334,394,487,555,660,720,758,779,860,890,971,1010,1079,1162,1237,1276,1323,1334,1381,1515,1549,1586,1635,1720,1757,1764,1830,
52,57,117,173,277,306,373,403,494,548,597,644,697,825,858,940,955,1054,1120,1210,1221,1240,1292,1372,1414,1430,1499,1506,1587,1618,1706,1755,
53,108,129,198,244,298,341,391,441,457,534,579,640,710,762,795,858,893,1002,1037,1073,1157,1170,1244,1286,1345,1493,1573,1581,1707,1781,1831,
51,56,116,172,276,305,372,402,493,547,596,643,696,824,857,939,954,1053,1107,1119,1209,1220,1291,1371,1413,1429,1499,1586,1617,1655,1705,1756,
50,73,140,188,245,285,385,398,477,520,586,654,706,756,786,835,981,1014,1099,1189,1230,1292,1359,1401,1439,1465,1513,1556,1620,1718,1773,1832,
65,154,206,243,307,334,403,479,530,608,665,700,750,791,870,887,932,972,1044,1064,1143,1173,1264,1321,1377,1551,1572,1605,1608,1674,1792,1833,
49,151,214,274,321,364,448,615,637,704,733,873,914,959,1041,1185,1247,1352,1404,1482,1500,1560,1635,1778,1809,1940,1947,1982,2017,2042,2044,2047,
48,209,255,317,380,416,527,600,626,693,740,790,860,896,978,1058,1147,1194,1259,1349,1423,1441,1509,1528,1555,1577,1675,1878,1929,1938,1945,1952,
47,100,134,258,423,497,518,763,950,1050,1068,1151,1271,1281,1284,1607,1628,1668,1694,1750,1787,1850,1856,1869,1880,1941,1964,1965,2001,2008,2014,2023,
46,103,135,205,388,449,555,571,712,761,821,920,947,1062,1140,1211,1357,1387,1447,1487,1532,1537,1686,1816,1817,1824,1846,1851,1886,1994,2005,2010,
45,94,111,175,275,301,352,408,478,537,607,649,670,738,827,882,890,1097,1120,1197,1232,1283,1451,1480,1540,1636,1777,1845,1894,1939,1949,1953,
44,74,161,182,242,282,366,434,492,551,564,656,679,774,796,934,956,1028,1103,1160,1213,1274,1341,1422,1427,1526,1678,1693,1724,1731,1893,1909,
43,55,120,218,268,327,362,414,466,506,572,653,707,776,794,837,922,989,1031,1074,1115,1177,1310,1431,1450,1461,1618,1680,1712,1744,1794,1834,
42,69,124,220,252,289,383,426,500,531,601,657,695,884,937,999,1022,1072,1126,1186,1253,1317,1338,1386,1396,1445,1582,1633,1746,1779,1815,1881,
41,80,170,191,277,293,346,435,467,519,614,648,681,739,806,871,902,992,1101,1154,1182,1261,1278,1287,1467,1504,1533,1544,1580,1611,1708,1757,
123,173,269,332,347,407,480,508,618,698,760,809,834,911,996,1040,1085,1142,1187,1332,1364,1459,1474,1546,1741,1788,1810,1814,1848,1872,1879,1910,
40,96,118,256,382,422,522,567,623,907,986,1054,1129,1262,1315,1348,1408,1623,1658,1747,1797,1818,1827,1873,1899,1902,1918,1955,1973,1989,1998,2003,
39,83,158,192,273,287,373,394,495,543,589,661,671,771,862,912,964,1008,1075,1145,1199,1252,1299,1360,1391,1436,1455,1592,1615,1679,1688,1758,
38,98,166,219,249,324,333,429,462,553,602,663,720,741,793,876,901,946,1034,1102,1206,1301,1330,1370,1400,1511,1520,1566,1583,1643,1785,1835,
37,61,130,181,247,331,336,396,463,548,599,631,672,732,819,868,925,960,1024,1071,1117,1165,1191,1227,1288,1342,1409,1442,1460,1492,1669,1759,
36,71,128,261,299,494,562,716,775,803,845,971,1011,1266,1316,1457,1496,1535,1545,1646,1654,1689,1854,1890,1946,1948,1972,1980,1991,1997,2032,2039,
35,66,164,187,253,297,335,406,485,542,583,625,684,722,737,828,855,915,1026,1081,1118,1215,1268,1285,1373,1489,1567,1600,1739,1752,1807,1836,
34,72,143,207,231,329,390,424,504,510,584,632,690,768,820,849,917,988,1046,1104,1198,1238,1308,1331,1335,1424,1435,1510,1589,1640,1803,1837,
33,60,146,221,241,309,370,446,452,516,561,662,675,765,807,853,941,974,1056,1096,1131,1210,1275,1296,1354,1403,1454,1462,1473,1624,1726,1838,
32,86,131,217,312,378,392,505,557,622,826,842,923,991,1051,1086,1138,1216,1231,1276,1318,1362,1388,1602,1749,1805,1847,1858,1859,1911,1925,1930,
31,92,165,184,238,342,451,570,650,702,800,933,952,1057,1110,1192,1239,1547,1562,1619,1667,1714,1822,1864,1867,1912,1950,2021,2029,2031,2034,2041,
30,76,127,202,228,330,340,415,502,525,575,628,682,748,798,861,942,962,1045,1079,1123,1205,1267,1300,1363,1390,1458,1543,1711,1742,1802,1839,
29,78,155,203,262,296,376,433,509,616,652,694,758,812,872,916,957,1077,1149,1178,1226,1314,1353,1398,1437,1484,1553,1587,1651,1699,1729,1840,
28,139,183,246,322,490,574,703,751,805,883,930,963,1020,1166,1254,1376,1420,1434,1584,1642,1685,1706,1855,1868,1891,1942,1999,2013,2015,2045,2046,
27,84,167,174,257,306,357,447,458,526,569,660,676,755,782,856,903,951,1005,1083,1141,1180,1234,1290,1329,1382,1421,1456,1595,1657,1702,1760,
26,95,157,343,437,456,558,605,745,844,936,977,1003,1006,1150,1255,1303,1366,1397,1508,1644,1661,1728,1789,1913,1921,1936,1971,1975,1984,2019,2022,
25,102,144,194,323,377,431,488,515,612,645,717,725,785,830,886,905,983,1029,1069,1122,1190,1269,1297,1368,1384,1392,1477,1612,1687,1696,1761,
24,77,163,224,230,310,339,412,470,544,580,646,697,764,789,847,918,966,1012,1063,1137,1208,1218,1265,1326,1337,1407,1475,1578,1621,1660,1762,
23,91,136,271,367,420,473,521,578,624,866,968,1023,1067,1113,1229,1374,1481,1512,1616,1735,1755,1775,1900,1951,1956,1958,1967,1969,1974,1985,1987,
22,62,133,189,233,302,351,442,459,546,610,617,677,731,813,874,931,994,1030,1109,1144,1175,1249,1443,1527,1534,1552,1565,1576,1622,1683,1763,
21,97,149,171,250,300,379,440,489,559,630,674,759,797,869,898,975,1207,1250,1411,1452,1531,1570,1650,1743,1745,1784,1790,1823,1830,1861,1882,
20,64,141,179,259,315,369,418,455,556,594,635,692,747,808,875,899,987,1019,1076,1124,1228,1323,1367,1405,1446,1575,1632,1664,1725,1919,1923,
19,79,115,254,355,399,481,517,581,668,734,865,995,1047,1087,1121,1381,1550,1569,1637,1663,1698,1801,1874,1896,1907,1915,1960,1976,1979,2006,2011,
18,75,125,197,260,375,401,539,611,634,714,749,792,833,924,967,1025,1095,1139,1237,1289,1394,1494,1516,1557,1563,1690,1732,1826,1897,1914,1916,
17,93,119,177,294,348,443,491,540,629,691,769,781,839,940,982,1049,1070,1162,1219,1416,1440,1519,1601,1701,1780,1806,1811,1906,1917,2018,2026,
16,57,122,210,288,345,419,483,667,683,723,777,822,878,888,953,1007,1111,1163,1309,1356,1415,1471,1515,1525,1579,1673,1709,1808,1862,1863,1883,
15,58,112,213,225,292,360,471,588,701,773,784,880,990,1004,1167,1214,1240,1369,1393,1502,1574,1630,1665,1791,1895,1927,1990,2030,2035,2037,2043,
14,150,199,264,283,353,409,487,524,613,641,705,724,801,851,943,955,1021,1061,1130,1196,1235,1277,1325,1365,1603,1641,1649,1734,1786,1996,2000,
13,85,132,178,266,316,387,395,529,604,639,810,831,938,969,1042,1148,1203,1273,1311,1453,1469,1479,1488,1498,1539,1713,1751,1819,1961,1962,1977,
12,101,145,236,337,421,461,592,620,843,965,1043,1088,1153,1171,1328,1350,1417,1497,1524,1588,1626,1681,1800,1804,1898,1924,1959,1986,1993,2020,2025,
105,156,222,311,411,476,528,609,699,743,811,852,928,985,1084,1245,1279,1294,1351,1430,1514,1518,1593,1692,1730,1798,1857,1889,1892,1922,1933,1937,
11,110,126,229,400,468,523,585,655,727,879,894,948,1013,1089,1152,1201,1243,1383,1414,1591,1613,1754,1795,1866,1875,1908,1957,1983,2009,2027,2033,
10,104,114,180,237,295,384,417,499,642,688,729,825,838,892,949,1060,1146,1183,1298,1375,1470,1522,1594,1682,1716,1727,1820,1829,1853,1934,1944,
9,99,159,265,361,453,514,597,753,984,1033,1100,1128,1168,1257,1302,1336,1425,1614,1671,1736,1770,1799,1849,1877,1887,1904,1966,1970,1988,1992,1995,
8,82,117,211,278,325,344,445,503,535,590,638,709,735,815,846,908,976,1106,1135,1164,1172,1260,1293,1340,1395,1438,1495,1505,1606,1627,1764,
7,89,137,176,251,286,356,404,450,533,566,664,686,746,817,867,910,993,1032,1091,1158,1169,1202,1246,1313,1389,1464,1536,1549,1625,1691,1765,
6,109,147,204,232,304,368,397,496,512,576,651,721,754,787,881,895,998,1027,1059,1093,1156,1320,1339,1472,1517,1523,1538,1597,1639,1697,1766,
5,107,142,201,313,338,428,549,621,728,823,877,927,1010,1065,1133,1193,1242,1282,1304,1503,1599,1609,1676,1704,1796,1813,1871,1888,1920,1963,1978,
4,87,148,215,267,308,386,438,460,552,573,666,711,742,780,841,891,997,1017,1098,1114,1179,1270,1306,1372,1428,1483,1610,1670,1717,1771,1841,
67,208,263,314,371,432,472,536,563,687,770,788,863,919,1038,1116,1204,1221,1379,1419,1468,1507,1529,1604,1638,1695,1738,1885,1901,1935,2016,2024,
3,70,162,186,227,303,389,436,482,513,598,619,708,816,864,904,973,1036,1066,1159,1195,1223,1225,1312,1346,1385,1476,1541,1631,1710,1733,1842,
2,54,169,195,248,328,350,425,454,532,582,647,678,772,829,840,929,1015,1092,1134,1184,1272,1324,1334,1344,1448,1486,1647,1656,1700,1772,1843,
1,88,190,281,358,405,498,560,593,644,718,730,802,832,921,944,1052,1105,1155,1200,1258,1280,1402,1432,1491,1530,1598,1659,1776,1860,1926,1931,
0,106,153,193,226,318,354,444,484,545,603,658,689,726,783,850,909,1001,1055,1080,1125,1176,1305,1358,1412,1426,1463,1521,1558,1648,1652,1767,
121,272,320,359,501,577,680,804,926,979,1039,1174,1251,1319,1361,1406,1449,1490,1561,1677,1715,1723,1865,1876,1903,1943,1954,1981,2007,2012,2028,2036,
63,160,216,235,290,349,410,465,507,565,627,669,766,818,900,958,1016,1082,1136,1188,1222,1248,1295,1347,1410,1478,1501,1571,1645,1666,1928,1932,
90,113,200,240,326,374,439,474,550,606,636,685,767,814,854,897,961,1035,1094,1127,1181,1263,1327,1378,1399,1554,1564,1590,1629,1672,1722,1768,
81,212,279,284,381,427,469,511,568,715,744,779,848,913,945,1090,1108,1212,1256,1343,1542,1568,1721,1737,1774,1783,1812,1825,1828,1852,1870,1884,
68,152,223,239,291,363,413,475,541,587,633,713,736,799,885,906,980,1048,1132,1233,1307,1418,1444,1506,1559,1596,1662,1719,1740,1748,1793,1844,
168,196,234,319,365,430,464,538,595,673,752,836,935,1000,1018,1112,1241,1355,1433,1466,1485,1653,1720,1753,1782,1821,1905,1968,2002,2004,2038,2040,
52,59,138,185,270,280,393,486,554,591,659,719,757,778,859,889,970,1009,1078,1161,1217,1224,1236,1322,1333,1380,1548,1585,1634,1684,1703,1769,
53,107,128,197,243,297,340,440,456,533,578,639,709,761,794,857,892,1001,1036,1072,1156,1243,1344,1415,1455,1485,1518,1580,1663,1734,1788,1845,
51,58,137,269,333,485,590,658,756,858,888,969,1008,1160,1216,1223,1235,1321,1379,1584,1633,1683,1702,1877,1899,1944,1985,2022,2027,2032,2040,2042,
50,55,115,171,275,304,371,401,492,546,595,642,695,823,938,953,1052,1106,1118,1208,1219,1239,1290,1370,1412,1428,1499,1585,1616,1654,1792,1846,
72,139,187,244,384,397,519,585,705,755,785,834,942,1098,1188,1229,1291,1358,1400,1438,1464,1555,1619,1668,1718,1729,1732,1790,1827,1833,1843,1885,
49,64,153,205,242,306,402,478,529,664,699,749,790,830,869,931,971,1043,1063,1142,1172,1263,1320,1376,1550,1571,1604,1673,1728,1740,1769,1847,
48,96,150,213,273,320,363,504,523,614,636,703,732,872,887,913,958,1040,1068,1153,1184,1246,1312,1351,1403,1457,1481,1500,1634,1670,1701,1770,
47,105,111,208,254,316,379,415,484,526,599,625,692,739,789,859,895,977,1057,1146,1193,1258,1348,1422,1440,1484,1487,1509,1527,1674,1689,1771,
46,99,133,214,257,282,350,422,496,517,601,667,673,762,784,835,909,949,1049,1067,1150,1270,1280,1283,1363,1539,1562,1607,1627,1748,1765,1848,
45,102,134,204,245,300,387,406,448,554,570,628,711,760,820,856,919,946,1024,1061,1139,1210,1241,1356,1386,1446,1532,1576,1613,1685,1707,1772,
44,93,169,174,274,351,407,477,536,606,648,669,737,881,889,963,1033,1096,1119,1196,1231,1430,1450,1479,1531,1535,1747,1750,1758,1812,1835,1886,
43,73,160,181,281,365,433,491,550,563,655,678,773,795,933,955,1027,1102,1159,1273,1328,1340,1426,1602,1724,1726,1761,1803,1839,1841,1868,1887,
42,54,119,217,267,326,361,413,465,560,571,706,793,836,988,1030,1073,1234,1392,1460,1617,1679,1828,1871,1903,1912,1924,1953,1955,1956,2000,2006,
41,68,123,219,251,288,382,425,499,530,600,656,694,763,826,883,936,998,1021,1071,1125,1252,1316,1385,1581,1632,1657,1745,1752,1763,1795,1849,
170,276,345,434,613,647,738,870,901,1058,1181,1260,1286,1543,1553,1610,1684,1810,1914,1967,1977,1984,1989,1994,1997,2009,2015,2016,2025,2029,2036,2044,
40,122,172,332,346,479,587,617,697,759,808,833,910,995,1039,1084,1141,1186,1256,1285,1331,1458,1473,1545,1652,1693,1824,1829,1869,1921,1930,1938,
39,95,117,255,292,381,391,421,521,566,622,716,730,796,864,906,985,1053,1087,1128,1176,1261,1314,1347,1407,1434,1591,1622,1725,1881,1954,1963,
38,82,157,191,286,372,393,494,542,588,660,770,861,911,1074,1144,1251,1298,1359,1435,1454,1551,1614,1678,1767,1813,1815,1862,1884,1894,1916,1919,
37,97,165,218,323,428,461,552,662,719,740,792,875,900,945,1101,1205,1329,1399,1510,1565,1582,1642,1710,1844,1880,1907,1908,1917,1922,1931,1939,
36,60,129,180,246,330,335,395,462,547,598,630,671,731,818,867,924,959,1023,1070,1116,1164,1190,1226,1287,1341,1408,1441,1459,1491,1694,1773,
35,70,127,206,260,298,408,493,553,561,715,774,802,844,930,970,1010,1094,1167,1192,1265,1315,1496,1513,1534,1544,1559,1579,1645,1738,1743,1850,
34,65,163,186,296,405,541,683,827,999,1025,1080,1117,1267,1372,1395,1488,1566,1712,1730,1737,1796,1865,1875,1895,1896,1898,1900,1902,1905,1934,1945,
33,71,142,230,389,503,583,631,767,848,916,987,1045,1103,1197,1237,1307,1330,1423,1639,1680,1692,1915,1918,1957,1974,1975,2002,2012,2018,2021,2037,
32,59,145,220,240,308,369,445,451,515,615,661,674,764,806,852,940,973,1055,1095,1130,1209,1274,1295,1353,1402,1453,1461,1472,1623,1677,1774,
31,85,130,216,234,311,377,446,505,556,607,621,676,724,825,841,922,990,1050,1085,1137,1215,1224,1230,1317,1361,1387,1425,1601,1608,1651,1775,
30,91,164,183,237,299,341,423,450,558,649,701,772,876,932,951,1056,1100,1108,1121,1191,1238,1309,1357,1546,1561,1618,1713,1766,1797,1821,1888,
29,75,126,201,227,329,339,414,501,524,574,627,681,747,797,860,941,961,1044,1078,1122,1204,1266,1299,1332,1362,1389,1542,1606,1628,1667,1776,
28,77,154,202,261,295,375,432,483,508,616,651,693,757,811,871,915,956,1013,1076,1148,1177,1225,1277,1313,1352,1397,1436,1492,1586,1698,1777,
27,101,138,182,321,354,437,489,518,573,663,702,750,804,882,929,962,1019,1089,1129,1165,1212,1253,1292,1375,1419,1433,1641,1705,1757,1801,1851,
26,83,166,173,256,305,356,447,457,525,568,659,675,754,781,855,902,950,1004,1082,1140,1179,1233,1282,1289,1381,1420,1475,1594,1629,1656,1778,
25,94,156,190,268,331,342,436,455,557,604,624,689,791,843,935,976,1111,1149,1302,1334,1365,1396,1590,1660,1704,1727,1876,1882,1935,1940,1946,
24,143,241,376,430,487,611,644,777,885,904,982,1189,1268,1367,1391,1687,1749,1820,1823,1870,1913,1932,1969,1973,1982,2007,2023,2033,2035,2041,2046,
23,76,162,224,229,309,338,411,469,543,579,645,696,788,846,917,965,1011,1062,1136,1169,1207,1264,1325,1336,1406,1474,1577,1620,1659,1714,1779,
22,90,135,193,270,328,366,419,472,520,623,718,775,779,865,914,967,1022,1066,1112,1174,1228,1284,1373,1411,1442,1480,1511,1615,1655,1708,1780,
21,61,132,188,232,301,441,458,545,609,812,873,993,1029,1143,1248,1486,1506,1526,1533,1552,1564,1621,1682,1739,1800,1873,1874,1925,1948,1958,1965,
20,148,378,488,591,758,868,897,974,1005,1206,1249,1337,1410,1451,1466,1530,1569,1611,1649,1688,1825,1943,1964,1970,1990,1993,2003,2017,2026,2034,2045,
19,63,140,178,258,314,368,417,454,555,593,634,691,746,807,874,898,986,1018,1075,1123,1198,1227,1322,1366,1404,1445,1575,1595,1631,1706,1781,
18,78,114,198,253,307,398,480,580,668,713,733,819,994,1046,1086,1120,1275,1303,1380,1449,1549,1568,1583,1697,1863,1937,1942,1962,1972,1998,2004,
17,74,124,259,374,466,538,610,633,832,923,966,1236,1288,1354,1495,1515,1556,1625,1798,1842,1878,1959,1976,1981,1988,1991,2001,2010,2019,2031,2043,
16,118,176,249,293,347,442,490,539,577,690,780,838,939,981,1048,1069,1161,1218,1240,1300,1519,1600,1626,1700,1809,1819,1831,1949,1978,1996,2005,
15,56,209,272,287,344,418,482,516,602,666,682,722,776,821,877,943,952,1006,1162,1217,1308,1355,1414,1470,1507,1525,1578,1647,1672,1804,1852,
14,57,212,278,291,359,439,470,509,700,783,879,989,1097,1138,1166,1213,1368,1476,1502,1504,1573,1664,1746,1756,1760,1864,1910,1920,1951,1952,1966,
13,92,149,263,352,486,612,640,723,850,954,1195,1276,1324,1364,1494,1537,1640,1711,1832,1834,1892,1909,1960,1983,1995,2008,2013,2020,2028,2039,2047,
12,84,131,177,265,315,386,394,463,528,603,638,768,809,886,937,968,1041,1147,1202,1272,1310,1383,1452,1468,1478,1498,1662,1753,1791,1808,1853,
100,144,196,235,336,420,460,619,704,736,805,842,921,964,1042,1152,1170,1327,1349,1416,1427,1497,1523,1558,1799,1818,1826,1830,1837,1838,1867,1889,
11,104,155,221,271,310,390,410,475,527,608,653,698,742,810,851,927,984,1020,1083,1244,1278,1293,1350,1393,1429,1514,1517,1592,1636,1669,1782,
10,110,125,228,322,334,399,467,522,584,654,680,726,800,878,893,947,1012,1088,1151,1200,1242,1301,1382,1413,1444,1574,1612,1650,1695,1789,1854,
9,103,113,179,236,294,383,416,498,507,582,641,687,728,824,837,891,948,1028,1059,1079,1145,1182,1297,1374,1469,1521,1547,1593,1643,1715,1783,
8,98,158,223,264,284,360,392,452,513,596,620,710,752,829,866,926,983,1032,1099,1127,1185,1424,1572,1587,1717,1794,1811,1814,1817,1866,1890,
7,81,116,210,277,324,343,444,502,534,589,637,708,734,814,845,907,975,1105,1113,1134,1171,1259,1339,1394,1437,1505,1605,1686,1703,1806,1855,
6,88,175,250,285,355,403,449,532,565,685,745,816,992,1031,1090,1157,1168,1201,1245,1388,1463,1536,1548,1624,1690,1802,1891,1893,1901,1941,1947,
5,108,146,203,231,303,367,396,495,511,575,650,720,753,786,880,894,997,1003,1026,1092,1155,1319,1338,1471,1522,1596,1638,1666,1696,1786,1856,
4,106,141,200,252,312,337,427,476,548,569,670,727,822,1009,1064,1132,1281,1335,1439,1503,1598,1675,1744,1764,1816,1872,1904,1927,1950,1968,1971,
147,266,385,459,551,572,665,741,840,890,996,1016,1178,1269,1305,1371,1421,1482,1554,1609,1716,1807,1980,1986,1987,1992,1999,2011,2014,2024,2030,2038,
3,66,136,207,262,313,370,431,471,535,562,686,769,787,862,918,991,1037,1109,1115,1203,1220,1254,1378,1418,1467,1528,1603,1637,1653,1759,1857,
2,69,161,185,226,302,388,435,481,512,597,618,707,748,815,863,903,972,1035,1065,1158,1194,1222,1311,1345,1384,1524,1540,1630,1661,1709,1784,
1,109,168,194,247,327,349,424,453,531,581,646,677,771,828,839,928,980,1014,1091,1133,1183,1271,1323,1333,1343,1447,1483,1646,1699,1755,1858,
0,87,151,189,248,280,357,404,497,559,592,643,717,729,801,831,920,1002,1051,1104,1154,1199,1257,1279,1377,1401,1431,1490,1529,1597,1658,1785,
152,192,225,317,353,443,544,657,688,725,782,849,908,1000,1054,1124,1175,1304,1390,1462,1520,1557,1648,1723,1735,1736,1741,1751,1822,1840,1883,1911,
79,120,184,319,358,400,500,514,576,652,679,744,803,854,925,978,1038,1173,1250,1318,1360,1405,1448,1489,1508,1512,1560,1588,1676,1762,1928,1933,
62,159,215,289,348,409,464,506,564,626,721,765,817,899,957,1015,1081,1135,1187,1221,1247,1294,1346,1409,1477,1501,1570,1644,1665,1722,1793,1859,
89,112,199,239,325,373,438,473,549,605,635,684,766,813,853,896,960,1034,1093,1126,1180,1262,1326,1398,1563,1589,1671,1721,1731,1742,1805,1860,
80,121,211,279,283,380,426,468,510,567,629,714,743,778,847,912,944,1007,1060,1114,1211,1255,1296,1342,1541,1567,1599,1635,1681,1719,1768,1861,
67,222,238,290,362,412,474,540,586,632,712,735,798,884,905,979,1047,1107,1131,1232,1306,1369,1417,1443,1456,1493,1516,1720,1733,1754,1923,1926,
52,86,167,195,233,318,364,429,537,594,672,751,799,934,1017,1077,1110,1163,1214,1432,1465,1538,1691,1787,1836,1879,1897,1906,1929,1936,1961,1979,
53,106,127,242,296,339,455,532,638,708,760,793,891,1000,1035,1071,1155,1242,1285,1343,1414,1454,1517,1747,1780,1846,1929,1959,1962,1990,1995,1997,
51,85,166,194,232,317,363,428,463,536,593,624,671,750,798,835,933,999,1016,1076,1108,1162,1213,1240,1303,1354,1431,1464,1484,1652,1690,1786,
50,57,331,553,589,657,718,755,829,857,943,968,1077,1159,1215,1222,1320,1378,1547,1574,1632,1682,1770,1778,1801,1834,1884,1901,1921,1922,1945,1954,
54,114,274,303,370,491,545,594,641,694,822,856,937,952,1051,1105,1117,1207,1218,1238,1289,1499,1584,1615,1728,1735,1738,1833,1844,1970,1981,1986,
49,71,138,186,243,383,396,584,754,833,941,980,1013,1187,1228,1290,1399,1437,1463,1618,1718,1765,1771,1822,1857,1943,1963,1988,2015,2020,2023,2030,
48,63,152,204,305,333,401,477,528,607,698,777,789,868,970,1042,1062,1141,1171,1262,1319,1375,1493,1549,1570,1603,1672,1704,1761,1842,1874,1891,
47,95,149,212,319,362,392,503,522,613,635,702,731,830,871,912,957,1039,1067,1152,1183,1245,1311,1350,1402,1480,1500,1559,1633,1700,1807,1862,
46,104,169,207,253,315,378,414,525,598,691,738,788,858,894,976,1056,1145,1257,1347,1492,1509,1526,1554,1576,1673,1743,1840,1841,1905,1971,1978,
45,98,132,213,256,281,349,421,495,600,666,672,761,783,834,908,948,1048,1066,1149,1269,1279,1362,1516,1531,1561,1607,1693,1753,1802,1806,1863,
44,133,203,244,386,405,504,627,759,855,918,945,1023,1209,1355,1385,1445,1486,1532,1612,1757,1845,1858,1888,1906,1915,1992,1993,2028,2032,2043,2046,
43,168,173,273,300,535,605,647,721,880,888,962,1032,1095,1118,1195,1230,1429,1478,1530,1534,1539,1635,1725,1815,1824,1827,1898,1908,1965,1996,2006,
42,72,159,180,241,280,364,432,490,549,562,654,677,794,866,932,954,1026,1101,1158,1212,1272,1327,1339,1390,1421,1601,1628,1677,1692,1724,1864,
41,109,118,216,266,325,360,412,464,559,570,652,705,775,792,921,987,1029,1072,1114,1176,1233,1309,1335,1391,1430,1449,1459,1616,1678,1711,1787,
67,122,218,250,287,381,424,498,529,599,655,693,762,825,882,935,997,1070,1124,1185,1251,1315,1337,1384,1395,1444,1580,1631,1656,1739,1810,1892,
40,79,170,190,275,292,344,433,466,518,612,646,680,737,805,869,900,991,1057,1100,1153,1180,1259,1277,1383,1442,1542,1579,1609,1683,1707,1788,
39,105,171,268,332,345,406,478,507,586,696,758,807,832,994,1038,1083,1140,1255,1330,1363,1472,1544,1606,1608,1803,1849,1852,1895,1911,1941,1948,
38,94,116,184,254,291,380,420,476,520,565,621,715,729,795,863,905,984,1052,1086,1127,1175,1260,1313,1346,1406,1433,1455,1621,1657,1706,1789,
37,81,156,272,285,371,493,541,659,670,769,826,860,910,963,1007,1073,1143,1198,1250,1297,1358,1453,1550,1726,1736,1817,1910,1918,1984,2031,2042,
36,164,217,248,390,427,460,551,601,661,739,874,899,944,1033,1204,1275,1282,1300,1369,1398,1564,1581,1641,1650,1709,1985,2002,2017,2019,2029,2033,
35,59,128,179,329,394,461,546,597,817,923,958,1022,1069,1113,1115,1189,1225,1286,1340,1407,1440,1458,1490,1668,1813,1825,1848,1851,1873,1875,1893,
34,69,126,205,259,297,407,492,552,615,667,714,773,801,843,929,969,1009,1093,1166,1191,1264,1314,1456,1496,1533,1543,1578,1644,1653,1688,1790,
33,64,162,185,252,295,334,391,404,484,540,582,682,736,854,914,998,1116,1266,1371,1394,1565,1599,1669,1751,1758,1808,1936,1951,2000,2004,2010,
32,70,141,229,328,388,423,502,509,630,689,766,819,847,915,986,1044,1102,1163,1196,1236,1306,1329,1422,1434,1588,1638,1679,1782,1854,1934,1949,
31,58,144,219,239,368,444,450,614,660,851,939,972,1054,1208,1273,1294,1352,1401,1452,1460,1471,1622,1676,1768,1779,1964,1991,2007,2011,2013,2025,
30,84,129,215,233,310,376,445,505,555,606,675,723,824,840,989,1049,1084,1136,1223,1229,1316,1360,1386,1424,1600,1708,1740,1777,1896,1924,1927,
29,90,163,182,236,298,340,422,449,557,569,648,700,771,799,875,931,950,1055,1060,1099,1120,1190,1237,1308,1356,1545,1560,1591,1617,1666,1791,
28,74,125,200,226,338,413,500,573,626,746,859,940,960,1043,1203,1265,1298,1331,1361,1388,1541,1605,1627,1766,1785,1974,2003,2009,2040,2041,2047,
27,76,153,201,260,294,374,431,482,616,650,692,756,810,870,955,1012,1075,1147,1276,1351,1396,1435,1491,1524,1585,1697,1829,1835,1900,1947,1955,
26,100,137,181,245,320,353,436,488,517,572,662,701,749,803,881,928,961,1018,1088,1128,1164,1211,1252,1291,1374,1418,1432,1583,1640,1684,1792,
25,82,165,172,255,304,355,447,456,524,567,658,674,753,780,901,949,1081,1139,1178,1232,1281,1288,1380,1419,1474,1504,1593,1701,1731,1755,1865,
24,93,155,189,267,330,341,435,454,556,603,623,688,744,790,842,887,934,975,1005,1148,1192,1254,1333,1364,1507,1589,1643,1659,1752,1764,1866,
23,101,142,193,240,322,375,429,486,514,610,643,716,722,724,784,884,903,981,1028,1068,1121,1188,1267,1296,1334,1366,1476,1551,1611,1687,1793,
22,75,161,224,228,308,337,410,468,542,578,644,695,763,787,845,916,964,1010,1061,1135,1168,1206,1263,1324,1405,1473,1487,1619,1658,1713,1794,
21,89,134,192,269,327,365,418,471,519,577,622,717,774,778,913,966,1021,1065,1110,1173,1227,1283,1372,1410,1441,1479,1510,1614,1654,1994,1998,
20,60,131,187,231,350,440,457,544,608,676,730,811,872,992,1107,1142,1174,1247,1328,1483,1552,1558,1563,1620,1712,1783,1820,1850,1886,1972,1977,
19,96,147,223,249,377,439,487,558,590,629,673,757,796,867,896,973,1004,1089,1205,1248,1336,1409,1450,1465,1494,1512,1529,1568,1610,1767,1867,
18,62,139,177,257,313,367,416,453,554,592,633,690,745,806,873,897,985,1017,1074,1122,1197,1226,1321,1365,1403,1575,1594,1630,1663,1705,1795,
17,77,113,197,306,354,397,479,516,579,668,712,732,818,864,930,993,1045,1085,1119,1214,1274,1302,1379,1448,1548,1567,1582,1636,1662,1696,1796,
16,73,123,196,258,284,373,400,465,537,609,632,713,748,791,831,922,965,1024,1094,1138,1217,1235,1287,1353,1393,1555,1562,1624,1686,1689,1797,
15,92,117,175,346,441,489,538,576,628,768,837,938,1047,1160,1169,1299,1415,1439,1519,1535,1670,1699,1737,1756,1826,1843,1931,1975,1982,1987,1989,
14,55,121,208,286,343,417,481,515,665,681,820,951,1109,1161,1216,1307,1413,1469,1525,1577,1646,1671,1832,1838,1880,1882,1897,1902,1933,1950,1956,
13,56,111,211,277,290,358,438,469,508,587,620,699,772,782,878,988,1058,1096,1137,1165,1239,1284,1367,1502,1629,1734,1744,1763,1781,1784,1868,
12,91,148,198,262,282,351,408,485,523,611,639,704,776,800,849,942,953,1020,1129,1194,1224,1234,1323,1495,1508,1572,1602,1639,1772,1776,1869,
83,130,176,264,314,385,393,462,527,637,767,808,885,936,967,1040,1079,1146,1201,1271,1382,1451,1467,1477,1498,1538,1647,1733,1746,1883,1889,1912,
11,99,143,195,299,335,419,459,591,618,703,735,804,841,920,1041,1087,1151,1326,1348,1426,1497,1518,1522,1557,1587,1625,1680,1774,1831,1859,1894,
10,103,154,220,270,309,389,409,474,526,697,741,809,850,983,1019,1082,1243,1349,1428,1514,1553,1691,1773,1812,1847,1855,1856,1903,1904,1916,1920,
9,110,124,206,227,321,398,521,583,679,725,877,892,946,1011,1150,1199,1381,1412,1443,1573,1590,1649,1759,1769,1816,1818,1821,1823,1885,1914,1917,
8,102,112,178,235,293,382,415,497,506,581,640,686,727,823,836,890,947,1003,1027,1078,1144,1181,1373,1468,1520,1546,1592,1642,1681,1762,1870,
7,97,157,222,263,283,359,446,451,512,595,619,709,751,828,865,925,982,1031,1098,1126,1167,1184,1256,1301,1423,1571,1586,1613,1716,1809,1871,
6,80,115,209,276,323,342,443,501,533,588,636,707,733,813,844,906,974,1104,1112,1133,1170,1258,1292,1338,1436,1505,1604,1626,1685,1702,1798,
5,87,136,174,402,448,531,564,663,684,815,909,1030,1156,1200,1244,1312,1387,1462,1536,1623,1667,1732,1861,1876,1878,1887,1890,1942,1944,2016,2026,
4,107,145,202,230,302,366,395,494,510,574,649,719,752,785,879,893,996,1025,1091,1154,1318,1470,1521,1537,1637,1665,1745,1748,1923,1932,1940,
140,199,251,311,336,426,475,547,568,669,726,821,876,926,1008,1063,1131,1241,1280,1392,1438,1503,1597,1674,1703,1741,1930,1946,1966,1979,2018,2024,
3,86,146,214,265,307,384,437,458,550,571,664,710,740,779,839,889,995,1015,1097,1177,1268,1304,1370,1420,1427,1481,1513,1715,1730,1742,1872,
2,65,135,261,312,369,430,470,534,561,653,685,786,861,917,990,1036,1202,1219,1253,1417,1506,1527,1694,1819,1828,1860,1879,1909,1937,1957,1967,
1,68,160,225,301,387,434,480,511,596,617,706,747,814,862,902,971,1034,1064,1157,1193,1221,1310,1344,1466,1523,1660,1750,1760,1804,1899,1913,
0,108,167,246,326,348,452,530,580,645,770,827,838,927,979,1090,1132,1182,1270,1322,1342,1425,1446,1482,1645,1655,1698,1729,1925,1969,2021,2027,
150,188,247,356,403,496,642,728,886,919,1001,1050,1103,1278,1376,1400,1489,1528,1596,1710,1723,1814,1830,1881,1919,1953,1973,1983,2022,2034,2038,2044,
191,278,316,352,442,483,543,602,656,687,781,848,907,1053,1123,1357,1389,1411,1461,1556,1648,1651,1717,1749,1836,1853,1907,1926,1928,1938,1958,1968,
78,119,183,271,318,357,399,499,513,575,651,678,743,802,853,924,977,1037,1111,1172,1249,1317,1359,1404,1447,1457,1488,1511,1675,1714,1722,1799,
61,158,234,288,347,560,563,625,720,764,816,898,956,1014,1080,1134,1186,1220,1246,1293,1345,1408,1501,1569,1664,1721,1727,1754,1961,2014,2035,2039,
88,238,324,372,472,548,604,634,683,765,812,852,895,959,1092,1125,1179,1261,1325,1332,1377,1397,1719,1775,1811,1839,1939,1952,1960,1999,2001,2012,
120,210,279,379,425,467,566,742,846,911,1002,1006,1059,1210,1295,1341,1540,1566,1598,1634,1720,1805,1837,1877,1935,1976,1980,2005,2008,2036,2037,2045,
52,66,151,221,237,289,361,411,473,539,585,631,711,734,797,883,904,978,1046,1106,1130,1231,1305,1368,1416,1475,1485,1515,1595,1661,1695,1800,
53,126,196,295,338,439,454,531,577,637,707,759,792,856,890,1034,1070,1154,1342,1413,1453,1484,1572,1579,1662,1725,1741,1761,1816,1836,1856,1895,
51,65,150,220,236,288,360,410,472,538,584,630,733,882,903,977,1045,1105,1217,1230,1304,1367,1474,1558,1594,1660,1759,1831,1929,1992,2003,2013,
50,84,165,231,316,362,427,462,535,592,623,749,797,834,932,998,1015,1060,1075,1161,1302,1353,1463,1492,1537,1756,1813,1868,1878,1911,1953,1969,
56,136,184,268,330,390,392,484,552,588,656,717,754,828,967,1007,1076,1158,1221,1234,1319,1546,1573,1583,1631,1701,1783,1832,1833,1846,1860,1896,
49,109,113,223,273,302,369,400,490,544,593,640,693,821,855,936,951,1050,1104,1116,1169,1206,1237,1288,1369,1411,1427,1499,1614,1653,1704,1801,
48,70,137,185,242,284,382,395,476,518,583,653,704,753,784,832,940,979,1012,1097,1186,1227,1289,1357,1398,1436,1462,1512,1554,1617,1718,1802,
47,62,203,241,304,527,606,663,697,722,748,788,867,969,1041,1061,1140,1170,1261,1318,1374,1485,1548,1569,1671,1764,1827,1909,1922,1926,1972,1981,
46,94,148,211,272,318,361,446,502,521,612,634,701,777,870,911,956,1038,1066,1151,1182,1244,1310,1349,1401,1456,1479,1500,1632,1699,1730,1873,
45,103,168,314,377,413,483,524,597,690,737,787,857,893,975,1055,1144,1328,1346,1421,1439,1486,1491,1509,1672,1688,1742,1796,1814,1936,1946,1957,
44,97,131,212,255,280,348,420,494,516,599,665,671,760,782,833,907,947,1047,1065,1148,1268,1278,1361,1515,1530,1538,1560,1607,1626,1667,1803,
43,101,132,202,243,385,404,503,553,569,626,710,758,819,917,944,1022,1138,1208,1240,1384,1425,1483,1508,1532,1684,1747,1795,1823,1865,1867,1897,
42,92,167,172,350,406,534,604,646,720,736,826,879,943,961,1031,1117,1194,1229,1428,1449,1477,1529,1533,1634,1650,1706,1753,1862,1963,1991,1993,
41,71,158,179,240,363,431,489,548,561,772,793,865,931,953,1025,1157,1211,1271,1326,1338,1389,1420,1600,1627,1676,1724,1782,1885,1925,2022,2029,
108,117,215,265,324,359,411,651,774,835,920,986,1071,1175,1232,1308,1429,1448,1458,1551,1615,1726,1776,1810,1820,1888,1961,1980,2018,2019,2020,2034,
40,66,217,286,380,497,528,598,654,692,761,824,881,934,996,1020,1069,1123,1184,1250,1314,1336,1394,1443,1630,1712,1755,1852,1913,1997,2021,2026,
39,78,170,189,274,291,343,432,465,517,611,645,679,804,868,899,990,1056,1099,1152,1179,1258,1276,1285,1382,1441,1541,1578,1682,1845,1872,1898,
38,104,121,267,332,344,405,477,506,585,695,757,806,831,909,993,1037,1082,1139,1185,1329,1362,1471,1543,1605,1651,1692,1740,1850,1935,1951,1970,
37,93,115,183,253,290,379,419,475,519,564,714,728,794,862,904,983,1051,1085,1126,1259,1345,1405,1432,1454,1590,1620,1656,1705,1927,1947,1958,
36,80,155,190,370,492,540,587,658,669,825,859,962,1006,1072,1142,1197,1249,1434,1452,1549,1613,1677,1717,1732,1770,1797,1819,1822,1870,1933,1941,
35,96,163,216,247,322,389,426,459,550,600,660,718,738,791,873,898,1002,1032,1100,1163,1203,1274,1281,1299,1368,1397,1563,1580,1640,1649,1804,
34,58,127,178,245,334,393,460,545,596,629,670,730,816,922,957,1021,1112,1188,1339,1406,1489,1524,1606,1693,1765,1788,1828,1887,1974,1978,1982,
33,68,125,204,258,296,491,551,614,666,842,928,968,1008,1092,1165,1190,1263,1313,1475,1496,1542,1577,1727,1767,1824,1864,1879,1943,1976,1977,1983,
32,63,161,251,294,403,539,581,624,681,735,853,913,997,1024,1115,1214,1265,1284,1370,1455,1564,1598,1647,1711,1769,1773,1798,1815,1840,1853,1899,
31,69,140,206,228,327,387,422,501,508,582,688,765,818,846,985,1043,1101,1162,1195,1235,1282,1305,1433,1535,1637,1678,1691,1799,1825,1841,1900,
30,57,143,218,238,307,367,443,449,514,613,659,673,763,805,850,938,971,1053,1094,1129,1207,1272,1293,1351,1400,1451,1459,1470,1621,1675,1805,
29,83,128,232,309,375,444,505,554,605,674,776,823,839,921,988,1048,1083,1135,1222,1228,1315,1359,1385,1423,1493,1737,1835,1966,1994,2004,2014,
28,89,162,181,235,297,339,421,448,556,568,647,699,770,798,874,949,1054,1059,1098,1119,1189,1236,1307,1355,1457,1544,1616,1665,1746,1789,1874,
27,73,124,199,225,328,337,412,499,523,572,625,680,745,796,858,939,959,1042,1077,1121,1202,1264,1297,1330,1360,1387,1540,1604,1666,1710,1806,
26,75,152,200,259,293,373,430,481,507,616,649,691,755,809,869,914,954,1011,1074,1146,1176,1224,1312,1350,1490,1523,1584,1696,1752,1908,1918,
25,99,180,244,319,352,435,487,571,661,700,802,880,927,960,1017,1113,1127,1210,1251,1290,1373,1417,1431,1582,1639,1683,1728,1818,1842,1863,1901,
24,81,164,171,254,303,447,455,566,657,752,854,900,948,1058,1080,1177,1231,1280,1287,1379,1418,1473,1592,1655,1700,1839,1942,1964,1987,2043,2047,
23,154,188,266,329,340,434,453,555,622,687,743,789,830,841,933,974,1004,1109,1147,1191,1253,1301,1395,1642,1658,1703,1869,1883,1996,2012,2027,
22,100,141,192,239,321,374,428,485,513,609,642,715,723,783,883,902,1027,1067,1120,1187,1266,1295,1333,1365,1550,1610,1687,1754,1784,1843,1902,
21,74,160,224,227,336,409,467,541,643,694,762,786,844,915,1009,1134,1205,1262,1323,1404,1472,1576,1618,1780,1791,1871,1881,1890,1894,2011,2028,
20,88,133,191,326,364,417,470,576,621,773,864,912,965,1064,1108,1172,1226,1371,1409,1440,1478,1531,1707,1738,1817,1877,1892,1921,1973,2002,2015,
19,59,130,186,230,300,349,456,543,667,675,729,810,871,930,1028,1106,1141,1173,1246,1327,1383,1482,1552,1557,1619,1681,1847,1990,2000,2001,2016,
18,95,146,222,299,376,438,486,557,589,672,756,795,895,972,1088,1204,1247,1408,1464,1495,1504,1511,1528,1567,1609,1736,1794,1893,1931,2005,2006,
17,61,138,176,256,312,366,415,452,632,872,896,984,1016,1073,1196,1225,1320,1364,1402,1444,1575,1593,1760,1792,1830,1876,1962,1975,2025,2032,2041,
16,76,112,252,305,353,396,478,515,578,668,711,731,817,863,929,992,1044,1084,1118,1213,1273,1378,1447,1566,1581,1733,1812,1866,1932,1944,1959,
15,72,122,195,257,283,372,399,464,536,608,631,712,747,790,886,964,1023,1093,1137,1216,1286,1352,1561,1591,1623,1685,1743,1771,1834,1920,1924,
14,91,116,174,248,292,345,440,488,537,575,627,689,767,779,836,937,980,1046,1068,1159,1168,1239,1298,1414,1438,1519,1534,1599,1625,1698,1807,
13,54,120,207,271,285,342,391,416,480,601,664,775,876,942,950,1005,1160,1215,1306,1354,1412,1468,1487,1506,1525,1645,1774,1811,1915,2007,2009,
12,55,169,210,276,289,357,468,586,619,698,771,781,877,987,1057,1095,1136,1164,1212,1238,1283,1366,1392,1466,1502,1663,1731,1739,1829,1995,1999,
90,147,197,261,281,407,522,610,638,703,848,941,952,1019,1111,1128,1193,1223,1233,1322,1363,1571,1601,1638,1686,1785,1821,1858,1889,1945,1956,1965,
11,82,129,175,263,313,384,461,526,602,636,766,807,884,935,966,1039,1078,1145,1200,1270,1309,1381,1450,1498,1646,1661,1763,1786,1967,2035,2042,
10,98,142,194,234,298,418,458,590,617,702,734,803,840,919,963,1040,1086,1150,1325,1347,1390,1415,1497,1517,1521,1556,1586,1624,1679,1768,1875,
9,102,153,219,269,308,388,473,525,607,652,696,740,808,849,926,982,1018,1081,1242,1277,1292,1348,1514,1635,1668,1690,1744,1748,1986,2031,2039,
8,110,123,205,226,320,333,397,466,520,678,799,891,945,1010,1087,1149,1241,1300,1380,1494,1589,1611,1694,1734,1735,1749,1800,1857,1919,1934,1950,
7,177,381,414,496,560,580,639,685,726,822,889,946,1026,1143,1180,1296,1372,1467,1545,1641,1714,1787,1837,1859,1907,1916,1940,1952,1989,2040,2046,
6,156,221,262,358,445,450,511,594,618,708,750,827,924,981,1030,1125,1166,1183,1255,1335,1422,1570,1585,1612,1670,1715,1917,1998,2008,2017,2030,
5,114,208,275,341,442,500,532,635,706,732,812,843,905,973,1103,1110,1132,1257,1291,1393,1435,1505,1518,1603,1745,1757,1778,1826,1910,2033,2036,
4,135,173,249,354,401,504,530,563,662,683,744,814,866,908,991,1029,1155,1167,1199,1243,1311,1386,1461,1536,1547,1622,1689,1766,1988,2038,2045,
106,144,201,229,301,365,394,493,573,648,751,878,887,892,995,1090,1317,1337,1469,1516,1520,1595,1664,1772,1793,1937,1985,2010,2023,2024,2037,2044,
3,139,250,310,335,425,474,546,567,620,721,725,820,875,925,1062,1130,1192,1279,1303,1391,1437,1503,1596,1608,1673,1702,1884,1906,1938,1949,1960,
2,85,145,213,264,306,383,436,457,549,570,709,739,778,838,888,994,1014,1096,1267,1332,1419,1426,1480,1669,1762,1790,1844,1891,1930,1955,1968,
1,64,134,260,311,368,429,469,533,615,684,768,785,860,916,989,1035,1107,1114,1201,1218,1252,1377,1416,1442,1526,1602,1636,1652,1848,1854,1903,
0,67,159,278,386,433,479,510,595,705,746,813,861,901,970,1063,1156,1220,1334,1343,1465,1522,1539,1629,1659,1838,1886,1912,1939,1948,1954,1971,
107,166,193,325,347,423,451,529,579,644,676,769,837,978,1013,1131,1181,1269,1321,1341,1424,1445,1481,1574,1644,1654,1697,1723,1758,1851,1861,1904,
86,149,187,246,331,355,402,495,558,591,641,716,727,800,885,918,1000,1049,1102,1153,1198,1256,1375,1399,1430,1488,1527,1553,1657,1709,1923,1928,
105,151,277,315,351,441,482,542,655,686,724,780,847,906,999,1052,1079,1122,1174,1275,1356,1388,1410,1460,1555,1648,1716,1722,1777,1880,1979,1984,
77,118,182,270,317,356,398,498,512,574,650,677,742,801,852,923,976,1036,1171,1248,1316,1358,1403,1446,1507,1510,1559,1587,1674,1713,1721,1808,
60,157,214,233,287,346,408,463,559,562,719,815,897,955,1133,1219,1245,1344,1407,1476,1501,1568,1643,1695,1719,1729,1751,1779,1781,1849,1855,1905,
87,111,198,237,323,371,437,471,547,603,633,682,764,811,851,894,958,1033,1091,1124,1178,1260,1324,1331,1376,1396,1562,1588,1628,1708,1720,1809,
52,79,119,209,279,282,378,424,509,565,628,713,741,829,845,910,1001,1003,1089,1209,1254,1294,1340,1513,1565,1597,1633,1680,1750,1775,1882,1914,
